176 953 251 709 45.0231
217 964 282 724 43.8313
281 962 329 725 41.546
333 971 382 732 41.6305
270 663 422 454 56.707
293 685 469 475 59.1366
379 694 541 502 59.2537
407 713 581 535 61.8401
451 430 576 179 50.8138
492 442 616 168 49.5034
549 485 664 213 48.6207
590 527 722 244 49.9083
600 151 719 20 60.5466
727 13 727 13 270
635 151 758 16 60.5991
677 205 809 14 55.8563
728 237 868 14 54.2971
974 339 825 405 255.263
811 419 698 575 236.64
685 598 615 754 229.391
616 775 728 979 127.771
783 990 1032 1005 92.1265
1034 371 871 427 258.304
850 443 747 577 237.645
737 604 659 743 232.557
688 778 763 936 129.853
807 944 1007 938 88.94
1027 438 893 476 260.234
873 497 810 581 237.227
797 618 744 728 230.352
767 768 834 882 126.737
870 864 1059 829 83.5283
287 20 286 161 214.734
283 177 204 299 234.793
189 315 16 406 252.886
213 13 211 120 215.144
209 137 153 258 229.803
152 258 20 326 253.188
357 11 336 176 218.958
331 207 256 340 232.631
238 351 20 473 251.968
